0.000E+00 0.000E+00 0.000E+00 0.000E+00 0.000E+00 0.000E+00 0.000E+00 0.000E+00 0.000E+00 0.000E+00 0.000E+00
 NaN  NaN  NaN  NaN  NaN  NaN  NaN  NaN  NaN  NaN  NaN
1.699E-01 6.019E+00 2.723E+00 3.407E+00 1.088E-01 1.304E+01 2.607E+00 7.288E+00 5.748E-03 8.094E+01 1.563E+02
2.454E-01 7.403E+00 2.861E+00 2.770E+00 1.857E-01 1.253E+01 2.048E+00 3.688E+00 4.507E-03 8.010E+01 1.854E+02
4.796E-01 6.002E+00 2.155E+00 1.028E+00 4.549E-01 8.563E+00 1.004E+00 1.295E+00 1.511E-02 7.735E+01 1.962E+02
 NaN  NaN  NaN  NaN  NaN  NaN  NaN  NaN  NaN  NaN  NaN
0.000E+00 0.000E+00 0.000E+00 0.000E+00 0.000E+00 0.000E+00 0.000E+00 0.000E+00 0.000E+00 0.000E+00 0.000E+00
 NaN  NaN  NaN  NaN  NaN  NaN  NaN  NaN  NaN  NaN  NaN
 NaN  NaN  NaN  NaN  NaN  NaN  NaN  NaN  NaN  NaN  NaN
4.467E-01 8.224E+00 2.138E+00 1.142E+00 4.591E-01 1.044E+01 7.602E-01 1.896E+00 1.741E-02 9.168E+01 2.055E+02
3.800E-01 5.291E+00 2.025E+00 1.829E+00 4.893E-01 7.551E+00 1.482E+00 5.794E-01 2.049E-02 7.584E+01 1.915E+02
6.570E-01 3.438E+00 1.423E+00 8.818E-01 5.320E-01 5.779E+00 8.066E-01 9.694E-01 9.762E-03 6.981E+01 1.877E+02
0.000E+00 0.000E+00 0.000E+00 0.000E+00 0.000E+00 0.000E+00 0.000E+00 0.000E+00 0.000E+00 0.000E+00 0.000E+00
 NaN  NaN  NaN  NaN  NaN  NaN  NaN  NaN  NaN  NaN  NaN
2.905E-01 9.851E+00 2.035E+00 3.142E+00 3.124E-01 1.639E+01 2.334E+00 1.888E+00 1.403E-02 9.868E+01 2.220E+02
2.981E-01 9.088E+00 3.482E+00 1.021E+00 2.874E-01 1.076E+01 2.246E+00 1.799E+00 7.837E-03 8.741E+01 1.896E+02
4.707E-01 6.486E+00 2.539E+00 1.125E+00 7.674E-01 7.112E+00 5.892E-01 1.030E+00 1.578E-02 8.550E+01 2.133E+02
 NaN  NaN  NaN  NaN  NaN  NaN  NaN  NaN  NaN  NaN  NaN
0.000E+00 0.000E+00 0.000E+00 0.000E+00 0.000E+00 0.000E+00 0.000E+00 0.000E+00 0.000E+00 0.000E+00 0.000E+00
 NaN  NaN  NaN  NaN  NaN  NaN  NaN  NaN  NaN  NaN  NaN
2.795E-01 1.118E+01 3.476E+00 1.792E+00 2.121E-01 1.569E+01 2.971E+00 2.883E+00 5.891E-03 9.337E+01 2.047E+02
4.104E-01 9.314E+00 2.979E+00 9.846E-01 4.188E-01 9.572E+00 1.286E+00 1.698E+00 1.251E-02 9.399E+01 2.212E+02
8.957E-01 7.020E+00 2.053E+00 4.425E-01 8.231E-02 7.020E+00 2.668E+00 1.000E+01 4.140E-02 7.821E+01 2.112E+02
 NaN  NaN  NaN  NaN  NaN  NaN  NaN  NaN  NaN  NaN  NaN
0.000E+00 0.000E+00 0.000E+00 0.000E+00 0.000E+00 0.000E+00 0.000E+00 0.000E+00 0.000E+00 0.000E+00 0.000E+00
2.047E-01 1.286E+01 4.645E+00 4.469E+00 1.209E-01 2.466E+01 7.604E+00 4.342E+00 6.886E-03 1.085E+02 2.462E+02
3.247E-01 6.639E+00 1.728E+00 3.813E+00 2.001E-01 1.314E+01 2.025E+00 4.073E+00 1.049E-02 9.178E+01 2.299E+02
5.280E-01 4.525E+00 1.322E+00 2.529E+00 3.388E-01 9.998E+00 1.634E+00 3.299E+00 1.801E-02 9.854E+01 2.493E+02
7.530E-01 3.323E+00 1.437E+00 1.345E+00 5.469E-01 6.426E+00 1.205E+00 8.734E-01 1.222E-02 8.548E+01 2.480E+02
7.237E-01 1.250E+00 5.400E-01 2.334E+00 2.966E-01 4.339E+00 1.744E+00 1.865E+00 3.321E-02 7.861E+01 2.376E+02
0.000E+00 0.000E+00 0.000E+00 0.000E+00 0.000E+00 0.000E+00 0.000E+00 0.000E+00 0.000E+00 0.000E+00 0.000E+00
 NaN  NaN  NaN  NaN  NaN  NaN  NaN  NaN  NaN  NaN  NaN
 NaN  NaN  NaN  NaN  NaN  NaN  NaN  NaN  NaN  NaN  NaN
3.367E-01 1.272E+01 3.518E+00 1.698E+00 2.830E-01 1.630E+01 2.090E+00 3.004E+00 1.132E-02 1.075E+02 2.444E+02
3.927E-01 8.821E+00 3.005E+00 1.571E+00 3.217E-01 1.310E+01 2.069E+00 1.695E+00 1.573E-02 9.106E+01 2.313E+02
 NaN  NaN  NaN  NaN  NaN  NaN  NaN  NaN  NaN  NaN  NaN
0.000E+00 0.000E+00 0.000E+00 0.000E+00 0.000E+00 0.000E+00 0.000E+00 0.000E+00 0.000E+00 0.000E+00 0.000E+00
 NaN  NaN  NaN  NaN  NaN  NaN  NaN  NaN  NaN  NaN  NaN
2.267E-01 1.006E+01 3.201E+00 4.164E+00 1.417E-01 1.817E+01 4.086E+00 7.160E+00 6.237E-03 1.196E+02 2.421E+02
4.491E-01 5.940E+00 1.476E+00 2.748E+00 3.018E-01 1.268E+01 2.172E+00 2.517E+00 1.904E-02 1.064E+02 2.530E+02
4.645E-01 4.285E+00 1.694E+00 1.939E+00 4.034E-01 8.960E+00 1.720E+00 1.211E+00 1.549E-02 8.737E+01 2.143E+02
5.353E-01 2.876E+00 1.179E+00 2.913E+00 2.395E-01 7.745E+00 3.605E+00 1.053E+00 1.802E-02 8.179E+01 2.488E+02
0.000E+00 0.000E+00 0.000E+00 0.000E+00 0.000E+00 0.000E+00 0.000E+00 0.000E+00 0.000E+00 0.000E+00 0.000E+00
 NaN  NaN  NaN  NaN  NaN  NaN  NaN  NaN  NaN  NaN  NaN
2.106E-01 7.557E+00 2.427E+00 4.131E+00 1.045E-01 1.602E+01 3.759E+00 8.093E+00 3.598E-03 9.298E+01 1.951E+02
5.405E-01 4.669E+00 1.366E+00 2.016E+00 4.678E-01 9.050E+00 1.380E+00 1.500E+00 2.010E-02 1.006E+02 2.415E+02
5.882E-01 3.183E+00 1.356E+00 1.439E+00 4.549E-01 6.635E+00 1.364E+00 1.098E+00 1.294E-02 8.417E+01 2.068E+02
1.283E+00 1.650E+00 8.229E-01 1.003E+00 6.427E-01 3.662E+00 4.326E-01 1.360E+00 5.943E-02 8.662E+01 2.648E+02
0.000E+00 0.000E+00 0.000E+00 0.000E+00 0.000E+00 0.000E+00 0.000E+00 0.000E+00 0.000E+00 0.000E+00 0.000E+00
1.440E-01 1.443E+01 4.992E+00 5.354E+00 9.544E-02 2.573E+01 9.378E+00 4.185E+00 4.969E-03 9.697E+01 2.060E+02
3.070E-01 8.234E+00 2.235E+00 3.724E+00 2.078E-01 1.206E+01 3.123E+00 3.420E+00 1.022E-02 1.009E+02 2.381E+02
 NaN  NaN  NaN  NaN  NaN  NaN  NaN  NaN  NaN  NaN  NaN
7.331E-01 3.508E+00 1.394E+00 1.329E+00 5.426E-01 6.489E+00 1.102E+00 1.068E+00 1.990E-02 7.937E+01 2.239E+02
1.004E+00 2.636E+00 1.261E+00 1.646E+00 8.998E-02 2.636E+00 2.987E+00 1.000E+01 5.399E-02 8.023E+01 2.503E+02
0.000E+00 0.000E+00 0.000E+00 0.000E+00 0.000E+00 0.000E+00 0.000E+00 0.000E+00 0.000E+00 0.000E+00 0.000E+00
2.443E-01 7.509E+00 2.079E+00 5.331E+00 2.335E-01 1.482E+01 3.258E+00 2.963E+00 6.064E-03 1.092E+02 2.456E+02
7.080E-01 6.147E+00 1.637E+00 7.699E-01 6.233E-01 7.848E+00 1.217E+00 1.174E+00 2.065E-02 1.120E+02 2.442E+02
9.010E-01 4.582E+00 1.397E+00 3.354E-01 9.457E-01 4.910E+00 7.968E-01 6.489E-01 3.378E-02 1.028E+02 2.222E+02
 NaN  NaN  NaN  NaN  NaN  NaN  NaN  NaN  NaN  NaN  NaN
1.664E+00 1.876E+00 7.844E-01 5.330E-01 1.430E+00 3.048E+00 2.654E-01 4.592E-01 5.014E-02 7.792E+01 2.471E+02
