0.000 0.00 0.00000 0.00000 0.00000 0.00000 
0.000 0.00 0.00000 0.00000 0.00000 0.00000 
150.000 1.00 0.00195 9.80495 3.00000 0.00011 
160.000 1.00 0.00517 7.66769 3.00000 0.00071 
0.000 0.00 0.00000 0.00000 0.00000 0.00000 
0.000 0.00 0.00000 0.00000 0.00000 0.00000 
140.000 1.00 0.00017 4.15513 3.00000 0.00042 
150.000 1.00 0.00267 6.49697 3.00000 0.00010 
160.000 1.00 0.01076 4.53082 3.00000 0.00084 
170.000 1.00 0.00436 0.00000 3.00000 0.01334 
0.000 0.00 0.00000 0.00000 0.00000 0.00000 
140.000 1.00 0.00015 2.12305 3.00000 0.00145 
150.000 1.00 0.01142 5.15438 3.00000 0.00008 
160.000 1.00 0.01813 3.03170 3.00000 0.00046 
170.000 1.00 0.04227 1.78138 3.00000 0.00099 
130.000 1.00 0.00010 2.04047 3.00000 0.02410 
140.000 1.00 0.00055 0.17794 3.00000 0.00056 
0.000 0.00 0.00000 0.00000 0.00000 0.00000 
160.000 1.00 0.02668 3.46692 3.00000 0.00015 
170.000 1.00 0.00096 0.00000 3.00000 0.17271 
130.000 1.00 0.00104 5.15368 3.00000 0.00057 
140.000 1.00 0.01832 4.40421 3.00000 0.00038 
150.000 1.00 0.05623 2.33848 3.00000 0.00042 
0.000 0.00 0.00000 0.00000 0.00000 0.00000 
170.000 1.00 0.70682 2.18855 3.00000 0.00009 
