0.000 0.00 0.00000 0.00000 0.00000 0.00000 
140.000 1.00 0.00025 2.23873 3.00000 0.00355 
150.000 1.00 0.00132 5.55779 3.00000 0.00054 
160.000 1.00 0.02290 5.63782 3.00000 0.00005 
0.000 0.00 0.00000 0.00000 0.00000 0.00000 
0.000 0.00 0.00000 0.00000 0.00000 0.00000 
0.000 0.00 0.00000 0.00000 0.00000 0.00000 
150.000 1.00 0.01345 7.51828 3.00000 0.00091 
160.000 1.00 0.02877 3.67107 3.00000 0.00216 
170.000 1.00 0.05024 3.48481 3.00000 0.00003 
0.000 0.00 0.00000 0.00000 0.00000 0.00000 
140.000 1.00 0.00354 10.14148 3.00000 0.00069 
150.000 1.00 0.00305 4.08287 3.00000 0.00165 
160.000 1.00 0.05975 5.00632 3.00000 0.00027 
0.000 0.00 0.00000 0.00000 0.00000 0.00000 
0.000 0.00 0.00000 0.00000 0.00000 0.00000 
140.000 1.00 0.00130 7.41304 3.00000 0.00090 
150.000 1.00 0.00618 4.63851 3.00000 0.00012 
160.000 1.00 0.00035 0.00000 3.00000 0.07175 
0.000 0.00 0.00000 0.00000 0.00000 0.00000 
130.000 1.00 0.00014 4.95432 3.00000 0.00996 
140.000 1.00 0.00106 5.78210 3.00000 0.00103 
150.000 1.00 0.00214 4.27939 3.00000 0.00090 
160.000 1.00 0.02996 3.29610 3.00000 0.00054 
170.000 1.00 0.00963 0.00000 3.00000 0.00581 
